




              -1000,-1000          -500,-1000        0,-1000        500,-1000      1000,-1000
                            1                   2              3
              -1000,-500           -500,-500         0,-500         500,-500       1000,-500
                            4                   5              6
              -1000,0              -500,0            0,0            500,0          1000,0
                            7                   8              9
              -1000,500            -500,500          0,500          500,500        1000,500